0.475 11817501.7279
0.476041666667 11817006.9353
0.477083333333 11817006.9353
0.478125 11817006.9353
0.479166666667 11817006.9353
0.480208333333 11787725.8736
0.48125 11787725.8736
0.482291666667 11787725.8736
0.483333333333 11787725.8736
0.484375 11787725.8736
0.485416666667 11780758.8267
0.486458333333 11780758.8267
0.4875 11780758.8267
0.488541666667 11780758.8267
0.489583333333 11780758.8267
0.490625 11769712.242
0.491666666667 11769712.242
0.492708333333 11769712.242
0.49375 11769712.242
0.494791666667 11769712.242
